91481     51706     89278     61480     69699  

   62700     50342     70994     97107     98705  

   94657     81536     91567     82951     89078  

   82406     73393     88421     63686     55797  

   70345     58721     63469     52095     55696  

   99423     60459     83281     98424     72045  

   89172     56899     68317     62843     59803  

   76963     76732     56679     60538     97979  

   71344     57553     50622     53870     61245  

   94741     84487     62969     86162     50121  

   73281     73929     93870     59596     96683  

   65120     88857     80724     92563     74922  

   98690     50299     82827     57679     83290  

   64963     70086     86647     90140     85997  

   85271     60137     77185     59115     98778  

   53377     54360     75229     50334     57790  

   87722     76163     80142     86193     78846  

   51262     68679     60273     77411     83810  

   93646     77500     70338     85529     54781  

   69612     51944     50752     67612     61409  

   62532     99189     68128     94703     51463  

   60274     56076     54452     85813     84673  

   97772     64778     55370     81910     97394  

   82337     62300     94040     61177     75391  

   50352     66754     51234     84123     79364  

   99874     55379     82801     76471     80381  

   54870     64253     51930     57607     64149  

   67709     89661     93305     94972     87492  

   72966     51699     94745     61534     62020  

   84204     62420     95988     53340     56971  

   72274     90594     67413     71935     53893  

   85549     66623     88302     68167     91593  

   91348     88449     73592     97985     83041  

   64669     55834     56279     98544     94606  

   64815     80909     65811     78401     57714  

   56265     74696     64782     57546     56281  

   55568     90036     62930     69670     85665  

   63291     71530     65187     91036     58499  

   99560     55533     90069     64060     91004  

   65285     75433     99870     95141     90024  

   71213     70010     93780     60233     87772  

   80318     69096     56374     99355     93959  

   74519     62024     74590     55350     78178  

   65654     74480     68031     89314     54393  

   88371     57942     99239     85412     72642  

   97015     59834     76985     56156     87844  

   98414     66317     88299     97389     63587  

   77369     60657     63460     92597     70576  

   67138     88357     96558     66142     78183  

   64788     54125     68362     83521     53648  

   89554     79767     80405     53507     70995  

   62853     92604     99946     67175     81945  

   97325     53876     50197     91161     97155  

   97837     82421     68778     54085     84778  

   78218     55762     56763     93895     71101  

   53861     69539     65039     95673     65084  

   55377     50505     50044     97070     50976  

   93156     86402     88968     64327     99117  

   62446     67978     72179     94021     86525  

   76371     94661     55063     72410     54909  

   88827     71709     83130     99559     84187  

   70363     75140     64230     68906     78748  

   66757     99635     62946     59764     68497  

   81711     61430     97805     50690     91887  

   60463     57206     92517     52090     85711  

   62177     75706     96563     59647     82946  

   55782     54215     81912     81897     84896  

   90274     87043     70420     82520     85105  

   59671     89526     69383     84007     64319  

   94808     76816     86860     73996     70746  

   70553     86967     79156     84110     65332  

   94784     53704     94975     56315     93118  

   98348     52172     80423     59606     56466  

   86288     97427     57941     92155     71485  

   72810     66586     62956     90304     99206  

   69784     54377     82039     88721     50952  

   54173     69771     70602     84283     89353  

   72265     74553     81628     66664     80211  

   63989     63959     98146     60165     70529  

   87951     95576     68258     51964     75514  

   65550     75283     53908     66678     60140  

   90359     53449     62773     72107     61180  

   52915     69205     84308     62408     98691  

   85308     56945     96117     94592     78495  

   78461     83736     79307     72021     77419  

   72595     69107     97980     85916     50910  

   67317     64085     95709     82875     69152  

   60303     63665     64556     70080     92621  

   81693     68698     58979     59158     84714  

   50601     86009     88123     92095     80805  

   91735     89461     74952     51673     77939  

   68222     75434     53606     89493     62859  

   85113     97882     76075     77882     98552  

   97038     97643     58009     99760     75639  

   69517     87677     54364     99947     89641  

   89195     72615     58424     90006     79448  

   53650     84708     66984     56694     88227  

   69876     61724     55532     86255     51018  

   64687     93605     71922     91617     69906  

   61238     64208     57331     92073     66729  

   88292     54368     53034     67205     82137  

   88612     63250     82323     70239     54625  

   83742     74332     67557     94826     51438  

   69546     56455     64514     82605     61949  

   50573     70684     90427     60740     68646  

   60706     71717     68429     70185     97847  

   52460     85048     69880     76393     90046  

   71129     77953     86940     69001     61379  

   67783     56608     61601     88927     66886  

   87398     88392     87425     86218     81268  

   84676     77424     88261     83189     75727  

   82255     75638     77326     69786     90965  

   76423     72289     87469     86722     77795  

   98315     90112     64661     94011     72620  

   60548     68447     72492     70891     61326  

   82092     77102     83852     86826     54632  

   53090     87354     80954     87497     72123  

   82663     69524     81370     98381     96103  

   63419     79507     77194     68954     82706  

   89116     63075     92335     71421     99069  

   58351     85511     63267     77308     78649  

   51757     61838     95944     57050     93014  

   76306     51419     75722     54012     62611  

   70121     65496     79162     65245     60088  

   50194     93896     98434     66052     84394  

   54141     62896     90498     53279     99578  

   98882     86418     98288     52886     60900  

   96331     80388     58052     80794     79087  

   54773     78724     64478     78881     70750  

   75599     85396     56013     58702     51448  

   92381     97553     72924     83145     99605  

   54545     90383     83477     61172     71743  

   88653     92134     61032     71402     86314  

   89391     50901     55395     65345     61710  

   93786     69261     63244     58995     85508  

   62389     81950     92847     75108     81929  

   79739     85483     50142     99281     76413  

   62281     83545     88469     91890     60270  

   95443     65210     50300     90835     58132  

   71586     80093     77705     99050     89574  

   73874     81709     83118     80788     52130  

   74557     72839     51039     65506     68933  

   76592     63911     61373     85180     88040  

   78763     56825     96924     98664     83903  

   86118     95374     58064     87974     83923  

   70457     72575     68672     95510     98402  

   77438     60131     85284     54643     82096  

   52137     84632     94665     78769     77408  

   67595     54115     98581     68833     80240  

   58022     84904     62158     93213     79330  

   60803     69781     81256     91713     80860  

   52499     77202     91652     80172     65091  

   72788     82443     80170     57338     58027  

   68784     56509     55768     93677     97576  

   64114     75058     53404     85615     83572  

   65949     93318     99213     54809     81029  

   52426     96651     53579     64266     82693  

   55754     83271     58652     67291     77489  

   60421     81079     95008     69756     61445  

   65410     52509     57265     54617     86395  

   61405     81940     55733     88660     96033  

   82719     69585     71490     58415     68178  

   96213     62481     98799     54191     97382  

   69355     76349     84307     73849     89125  

   66670     95756     56727     72101     69278  

   54174     61697     64310     55798     86269  

   51396     55298     57708     53373     67626  

   64915     80551     92915     64951     66232  

   52529     74593     95602     96785     67845  

   52469     77236     56555     75931     79369  

   97316     64281     53742     99547     99651  

   71768     63134     55622     97974     83257  

   68264     94236     77733     81098     53286  

   93591     96136     78643     66629     61253  

   75849     63966     55365     89627     88666  

   86709     55450     60969     72547     68791  

   78073     64014     98152     95398     97639  

   85391     83334     99823     70544     59241  

   83638     59085     96402     85482     54663  

   92749     53413     59695     83691     78744  

   58406     56221     66198     87486     86804  

   95815     59295     72895     80313     56526  

   77892     88696     96635     92459     63827  

   77830     65351     97060     86077     67218  

   64773     91776     76353     79114     80711  

   56224     77043     61100     96370     98999  

   75584     58311     81846     61400     78566  

   73274     65557     76677     84538     68790  

   92539     52471     70366     62771     90261  

   95487     86208     64877     87436     74536  

   61433     83053     96727     59273     97001  

   54260     60160     90603     74427     95624  

   64029     63962     97028     55884     69900  

   79326     59752     99972     60966     98170  

   92823     98072     80162     50558     87148  

   79813     59374     80757     65775     52642  

   82888     53029     85463     65566     73044  

   71399     86317     67211     52957     53839  

   82548     61304     93629     96896     82495  

   97369     63821     72737     56097     56898  