73605     87283     82581     78549     96841  

   67573     52418     94349     76450     74880  

   90525     68541     84450     55634     98754  

   53788     92987     85958     60262     73456  

   67792     92407     53122     86653     55315  

   98062     50687     91764     66685     91960  

   99436     61190     82460     56743     95097  

   90592     76388     96862     90449     52922  

   76934     57360     89508     79501     97068  

   71010     69394     52552     65405     56598  

   59117     97884     93273     72951     69806  

   56312     56119     98516     85898     50035  

   88099     87027     59918     64802     89079  

   54975     55145     62891     88014     91962  

   73592     98648     80197     92953     66914  

   86221     90753     62662     53954     81935  

   59020     55907     52751     93514     58592  

   60733     92281     80330     53555     86491  

   94996     84405     70515     94377     80848  

   79899     85134     57912     81798     83820  

   76650     90758     75166     85126     64963  

   70443     89193     78647     65287     84177  

   90641     53329     68796     82229     89704  

   97159     74747     75849     74620     93894  

   89489     59952     54469     96140     74689  

   75409     98178     77980     78248     72648  

   81624     89280     61786     92062     72724  

   85939     72638     70561     74776     51227  

   86169     68026     59869     52891     62220  

   85725     59983     86201     82794     55612  

   61725     65315     81753     57538     76988  

   91856     95190     80657     98513     97968  

   57181     93798     50992     69432     71348  

   53187     70711     69967     79401     60759  

   56756     76872     62422     93872     98641  

   58236     71593     73760     89277     96397  

   94295     89320     60436     77349     97979  

   96548     69262     62085     69206     74637  

   72944     94620     85078     59733     87452  

   69201     84201     67122     68868     75598  

   60244     80006     63373     60833     54457  

   91557     83123     73646     86113     80513  

   93700     52078     90655     74665     82541  

   87106     92745     94864     82434     78730  

   54722     51476     93709     95677     85490  

   89739     55422     90708     88201     58319  

   54401     50855     71978     83288     95381  

   81336     87050     50678     83926     65987  

   74838     92393     91208     79577     50656  

   69718     73078     80574     80484     78806  

   97881     77059     62716     57899     84382  

   68998     50650     80533     74010     97526  

   84867     84679     98182     62284     93289  

   54739     70342     90465     78503     88525  

   70155     90104     83206     79863     68341  

   92711     82244     63761     62727     58379  

   60280     85248     65638     81327     51720  

   79197     83063     82519     81817     97061  

   87606     56969     64773     95356     82775  

   91091     72303     78715     72580     55742  

   82822     57424     97965     78723     82656  

   57159     55539     97063     71188     67517  

   54208     80466     96405     77372     61325  

   74829     94242     52678     76046     97054  

   73392     87953     83680     64625     52178  

   91198     71421     98742     63189     76652  

   83422     55454     68783     78307     90412  

   94330     77490     59637     81520     83412  

   86764     52895     66475     73364     97599  

   91787     92521     50100     82777     68186  

   69742     58880     68585     85037     88512  

   95029     78815     74451     91443     74079  

   59258     79370     79878     72301     64664  

   58786     50013     87873     81002     51989  

   86248     78731     88732     57062     57031  

   77711     87613     57191     80511     66189  

   57385     84977     78526     98360     87382  

   86250     96525     69821     83668     61399  

   72098     95516     87920     87790     82321  

   71175     70206     66236     78402     88046  

   81419     60138     54625     58298     68021  

   82290     62583     98963     69644     75100  

   81055     99453     61228     56258     80606  

   57987     68046     67123     77805     98695  

   95670     74685     92611     61022     95508  

   83155     66889     54094     54598     78286  

   99311     76086     64404     75939     92784  

   72250     65642     60930     75736     88236  

   90334     57617     55386     88924     66246  

   58133     81747     55757     82325     86620  

   69173     70295     75162     97800     64998  

   57984     64760     66304     86840     84654  

   50628     78630     70031     86153     66005  

   51023     56331     71924     97764     87972  

   50044     78199     56611     65111     60792  

   62434     52690     57046     92103     90330  

   60995     76997     68116     63197     79160  

   82798     58697     93873     63062     80679  

   76612     52086     70958     68110     56351  

   88747     82648     82664     73237     90343  

   78257     57372     75659     60296     84291  

   74564     97458     93945     63387     94561  

   84745     58436     57614     94816     78591  

   89482     61177     77047     77501     89638  

   78391     52023     98383     57960     70421  

   57820     94811     79892     60259     94352  

   86675     96681     88216     66392     66701  

   97267     64634     80582     58251     67964  

   93753     61225     82726     89009     84315  

   99530     52340     88380     67972     90008  

   77381     67291     75188     99285     66125  

   64558     53667     76741     77315     73357  

   61640     80553     78249     97214     55840  

   79183     72290     66800     50531     86434  

   90319     91564     76263     64150     98772  

   70416     76978     52236     85458     77106  

   99001     86990     54144     55623     96031  

   64307     88416     57970     98886     76169  

   95263     93732     78326     72505     66427  

   93547     54404     94288     94150     65211  

   84194     96985     95291     79482     89552  

   60438     88451     90598     55574     64122  

   91328     60743     72512     82593     69840  

   94338     57780     87962     59648     76196  

   70993     67519     54855     78861     52250  

   77023     97705     55241     86970     95989  

   67755     93880     95922     88176     50275  

   87459     91258     76368     91271     63738  

   78685     87081     74773     59284     92344  

   71416     59112     67843     57288     83723  

   93789     67390     95956     69211     50480  

   59399     61844     96958     75300     75413  

   66570     61094     52311     73934     84247  

   95353     85135     79944     75282     93251  

   54438     93644     59486     95950     91174  

   80626     75316     98140     92878     60216  

   61858     73145     93751     82148     90658  

   86549     84088     76229     54367     99301  

   68123     64469     76172     54343     77360  

   62363     94279     83336     64974     76712  

   76469     50895     51571     96367     79207  

   89413     70114     53554     74466     92075  

   92871     80745     60879     90461     82441  

   96704     68130     77267     76926     83172  

   59170     73026     84312     72957     97844  

   98335     96416     96441     73042     98250  

   69479     63476     98995     80828     63490  

   78920     60057     68606     99943     64688  

   64167     68493     86291     92137     60204  

   77984     71131     64775     70169     72543  

   70123     57866     83086     54136     75049  

   93025     66808     86580     87272     86759  

   59613     85713     97779     79606     88412  

   82021     72832     72245     74461     97536  

   50021     97257     72100     65614     87307  

   58791     97694     65780     81371     76958  

   72763     86917     94095     80089     52339  

   86972     79466     85122     61532     76596  

   77158     67177     98726     77126     74648  

   86753     99691     68993     56754     95721  

   89142     97233     50554     78373     61217  

   96302     88317     71704     74172     92024  

   67034     89188     80887     78696     71341  

   94709     63607     63396     93974     67511  

   51235     98965     83683     78193     90088  

   89214     61987     57132     92922     72026  

   69064     88193     84902     86555     91249  

   76539     85614     68766     61454     68226  

   90776     56836     52300     81902     65292  

   71430     88929     89772     75524     97248  

   72869     98359     95683     92423     92123  

   53858     69109     68523     98128     58959  

   58587     78807     93536     55603     67317  

   59660     82693     99244     93777     90880  

   79174     63406     60022     58995     84417  

   57764     91490     79692     91136     95704  

   77953     91138     72803     50122     52467  

   50648     87831     98490     72136     52670  

   50003     76015     73771     75372     99606  

   76099     91505     86303     82059     97091  

   60903     86241     75287     52043     74240  

   60646     52504     59273     94497     54764  

   50405     72177     70987     79880     84320  

   62050     94493     62500     69717     69440  

   98557     81420     86137     95430     98996  

   77635     58526     82404     64069     57878  

   57064     75777     94729     96152     68841  

   84192     85631     73248     62512     65724  

   66645     69231     95044     81171     86369  

   51449     75225     55395     83586     92515  

   50201     77160     98253     62090     67006  

   66957     95907     72569     76492     70462  

   84239     84746     80761     98469     85164  

   66813     60306     52179     86832     93924  

   74802     50828     97259     96973     55661  

   59993     64263     78329     50323     64265  

   91885     72173     81740     91112     67202  

   63169     91372     68299     57249     89943  

   65035     64999     98882     83049     95594  

   80185     82174     70613     99597     89887  